Soluciones no dominadas encontradas:ZDT1
1. [ 4.85842836  0.49900126  4.96830429  0.         10.          9.84387296
  0.          0.14363753  9.86130352  9.04086025  0.28276494  0.
  0.          1.95609378  3.76405512  0.05537011  1.23864168  2.81203412
  0.12414953  2.41323377  2.47545134  7.5209989   7.71387326  0.
  0.          8.99994778  0.          0.64900544  0.17211697  0.06154701], Funcion 1: 4.858428361673948, Funcion 2: 15.746985897162139
------------------------------------------------------------------
2. [7.45449989e-02 4.80429939e-01 9.95700088e+00 2.55848964e-01
 1.64905488e-01 9.97978913e+00 1.35738682e+00 5.64502817e+00
 4.15728498e+00 1.00000000e+01 6.90543282e+00 1.00000000e+01
 2.12724266e+00 2.52692919e-01 8.86711045e+00 3.51954847e-01
 7.87789188e-01 4.58128774e-01 0.00000000e+00 4.86578492e-01
 1.59045812e-01 9.95229937e+00 3.70299274e-02 0.00000000e+00
 2.44943981e+00 9.93211588e+00 1.06993188e+00 1.49928859e-01
 8.59104273e-03 9.93881855e+00], Funcion 1: 0.07454499891586715, Funcion 2: 32.28628735134451
------------------------------------------------------------------
3. [ 0.11140185  0.22454263  9.80665523  0.15935388  0.          9.96832101
  1.16035383  5.95347217  4.95843275 10.          6.96323384  9.96591618
  1.96762324  0.09784535  9.58683882  0.          0.72545068  0.07001354
  0.04966986  0.3581462   0.          9.7834054   0.03769701  0.08930173
  2.43611211  9.88995936  0.9960629   0.          0.01647924 10.        ], Funcion 1: 0.11140184745308389, Funcion 2: 31.73173474445593
------------------------------------------------------------------
4. [ 0.11140185  0.22454263  9.80665523  0.15935388  0.          9.96832101
  1.16035383  5.95347217  4.95843275 10.          6.96323384  9.96591618
  1.96762324  0.09784535  9.58683882  0.          0.72545068  0.07001354
  0.04966986  0.3581462   0.          9.7834054   0.03769701  0.08930173
  2.43611211  9.88995936  0.9960629   0.          0.01647924 10.        ], Funcion 1: 0.11140184745308389, Funcion 2: 31.73173474445593
------------------------------------------------------------------
5. [0.44986337 0.         9.59402521 0.21921878 1.6621949  9.39962978
 0.79423444 4.36834576 4.75700667 9.40720042 5.07367999 8.25811589
 1.32923258 0.21965799 6.81967956 0.0997798  0.41307727 1.28493929
 0.2328486  0.15515301 0.38241517 9.76223491 0.76495626 0.33227877
 1.39586658 9.8211995  1.14969039 0.03656522 0.29955157 7.78648011], Funcion 1: 0.44986336910611524, Funcion 2: 27.018482567086163
------------------------------------------------------------------
6. [0.40488367 0.17950107 7.94094144 2.76810239 4.6108847  8.16123021
 1.1942542  0.85228185 5.43531881 8.82078768 3.88885967 6.07475728
 1.19543211 2.41305097 2.30988393 2.96019827 0.86057989 3.05525688
 0.0987053  0.98317921 6.28868968 9.61986085 2.95809262 0.0847845
 0.12120389 9.80839096 0.25635741 0.21668207 0.23873883 1.88920802], Funcion 1: 0.40488367030241684, Funcion 2: 27.05306241167109
------------------------------------------------------------------
7. [0.26174081 0.         9.52846096 0.18261127 0.89297232 9.61472345
 0.76788776 4.80623452 4.65427508 9.62956923 5.6415289  9.04363863
 1.56324754 0.15709159 7.38101014 0.17228246 0.59973766 0.87098085
 0.2643583  0.1395965  0.51907463 9.88077721 0.50087893 0.27537542
 1.63918536 9.94820953 1.02822512 0.         0.34656125 8.8235588 ], Funcion 1: 0.26174080584733495, Funcion 2: 28.804654623012368
------------------------------------------------------------------
8. [ 0.          0.          9.92527394  0.44748231  0.         10.
  1.77824112  9.59324374  0.21298153 10.         10.         10.
  2.71184665  0.0570976   7.37213991  1.32261924  0.16373687  0.0583028
  0.2138071   0.03348942  0.06037094  9.64587177  0.          0.86170574
  6.87106138  9.91311012  2.00990684  0.23720969  0.13895799  9.81436054], Funcion 1: 0.0, Funcion 2: 36.20639155341033
------------------------------------------------------------------
9. [7.45449989e-02 4.80429939e-01 9.95700088e+00 2.55848964e-01
 1.64905488e-01 9.97978913e+00 1.35738682e+00 5.64502817e+00
 4.15728498e+00 1.00000000e+01 6.90543282e+00 1.00000000e+01
 2.12724266e+00 2.52692919e-01 8.86711045e+00 3.51954847e-01
 7.87789188e-01 4.58128774e-01 0.00000000e+00 4.86578492e-01
 1.59045812e-01 9.95229937e+00 3.70299274e-02 0.00000000e+00
 2.44943981e+00 9.93211588e+00 1.06993188e+00 1.49928859e-01
 8.59104273e-03 9.93881855e+00], Funcion 1: 0.07454499891586715, Funcion 2: 32.28628735134451
------------------------------------------------------------------
10. [1.56989988e-01 2.72438574e-01 9.79156523e+00 2.45333011e-01
 1.00131313e+00 9.43860596e+00 9.57690160e-01 4.71954938e+00
 4.45516889e+00 9.59357158e+00 5.83527548e+00 9.32387313e+00
 1.52083495e+00 7.42261203e-02 7.20478964e+00 1.78360500e-01
 7.21661523e-01 1.05816518e+00 8.64619552e-03 0.00000000e+00
 5.90837988e-01 9.99121487e+00 5.35823050e-01 4.64542784e-02
 1.89728764e+00 9.95317390e+00 1.31509782e+00 3.91001988e-02
 2.08520807e-01 8.91991999e+00], Funcion 1: 0.15698998759324426, Funcion 2: 29.761521411301544
------------------------------------------------------------------
11. [2.5558637  0.49867124 3.80170939 1.29716255 7.76735039 9.12849166
 0.79113704 0.95348804 7.80391001 9.04126477 1.38531281 2.4863508
 0.46003815 2.86908776 4.73334042 2.32019479 0.49948449 0.99711931
 0.57469713 2.13289027 2.7384637  8.61696144 3.70779242 0.34924587
 0.19071993 8.92556307 0.38227607 0.84248973 0.29830995 1.26166148], Funcion 1: 2.555863703637223, Funcion 2: 19.502287575321972
------------------------------------------------------------------
12. [1.56989988e-01 2.72438574e-01 9.79156523e+00 2.45333011e-01
 1.00131313e+00 9.43860596e+00 9.57690160e-01 4.71954938e+00
 4.45516889e+00 9.59357158e+00 5.83527548e+00 9.32387313e+00
 1.52083495e+00 7.42261203e-02 7.20478964e+00 1.78360500e-01
 7.21661523e-01 1.05816518e+00 8.64619552e-03 0.00000000e+00
 5.90837988e-01 9.99121487e+00 5.35823050e-01 4.64542784e-02
 1.89728764e+00 9.95317390e+00 1.31509782e+00 3.91001988e-02
 2.08520807e-01 8.91991999e+00], Funcion 1: 0.15698998759324426, Funcion 2: 29.761521411301544
------------------------------------------------------------------
13. [2.18311384 0.40269386 3.17358774 1.67927951 8.37665221 8.83500409
 0.78524521 0.8321088  7.92138888 8.83667858 1.43759598 2.25302508
 0.41494351 3.18017294 4.56771579 2.5873918  0.54257872 1.13179419
 0.68074155 2.41001997 3.17055227 8.53075492 3.73472276 0.18352921
 0.33220898 8.82398754 0.28230557 0.8433097  0.         0.90117498], Funcion 1: 2.1831138395299714, Funcion 2: 20.141873335054875
------------------------------------------------------------------
14. [2.18311384 0.40269386 3.17358774 1.67927951 8.37665221 8.83500409
 0.78524521 0.8321088  7.92138888 8.83667858 1.43759598 2.25302508
 0.41494351 3.18017294 4.56771579 2.5873918  0.54257872 1.13179419
 0.68074155 2.41001997 3.17055227 8.53075492 3.73472276 0.18352921
 0.33220898 8.82398754 0.28230557 0.8433097  0.         0.90117498], Funcion 1: 2.1831138395299714, Funcion 2: 20.141873335054875
------------------------------------------------------------------
15. [7.45449989e-02 4.80429939e-01 9.95700088e+00 2.55848964e-01
 1.64905488e-01 9.97978913e+00 1.35738682e+00 5.64502817e+00
 4.15728498e+00 1.00000000e+01 6.90543282e+00 1.00000000e+01
 2.12724266e+00 2.52692919e-01 8.86711045e+00 3.51954847e-01
 7.87789188e-01 4.58128774e-01 0.00000000e+00 4.86578492e-01
 1.59045812e-01 9.95229937e+00 3.70299274e-02 0.00000000e+00
 2.44943981e+00 9.93211588e+00 1.06993188e+00 1.49928859e-01
 8.59104273e-03 9.93881855e+00], Funcion 1: 0.07454499891586715, Funcion 2: 32.28628735134451
------------------------------------------------------------------
16. [0.40488367 0.17950107 7.94094144 2.76810239 4.6108847  8.16123021
 1.1942542  0.85228185 5.43531881 8.82078768 3.88885967 6.07475728
 1.19543211 2.41305097 2.30988393 2.96019827 0.86057989 3.05525688
 0.0987053  0.98317921 6.28868968 9.61986085 2.95809262 0.0847845
 0.12120389 9.80839096 0.25635741 0.21668207 0.23873883 1.88920802], Funcion 1: 0.40488367030241684, Funcion 2: 27.05306241167109
------------------------------------------------------------------
17. [ 0.11140185  0.22454263  9.80665523  0.15935388  0.          9.96832101
  1.16035383  5.95347217  4.95843275 10.          6.96323384  9.96591618
  1.96762324  0.09784535  9.58683882  0.          0.72545068  0.07001354
  0.04966986  0.3581462   0.          9.7834054   0.03769701  0.08930173
  2.43611211  9.88995936  0.9960629   0.          0.01647924 10.        ], Funcion 1: 0.11140184745308389, Funcion 2: 31.73173474445593
------------------------------------------------------------------
18. [ 0.11140185  0.22454263  9.80665523  0.15935388  0.          9.96832101
  1.16035383  5.95347217  4.95843275 10.          6.96323384  9.96591618
  1.96762324  0.09784535  9.58683882  0.          0.72545068  0.07001354
  0.04966986  0.3581462   0.          9.7834054   0.03769701  0.08930173
  2.43611211  9.88995936  0.9960629   0.          0.01647924 10.        ], Funcion 1: 0.11140184745308389, Funcion 2: 31.73173474445593
------------------------------------------------------------------
19. [2.18311384 0.40269386 3.17358774 1.67927951 8.37665221 8.83500409
 0.78524521 0.8321088  7.92138888 8.83667858 1.43759598 2.25302508
 0.41494351 3.18017294 4.56771579 2.5873918  0.54257872 1.13179419
 0.68074155 2.41001997 3.17055227 8.53075492 3.73472276 0.18352921
 0.33220898 8.82398754 0.28230557 0.8433097  0.         0.90117498], Funcion 1: 2.1831138395299714, Funcion 2: 20.141873335054875
------------------------------------------------------------------
20. [0.91050226 0.15837817 6.97265154 0.46865314 8.66253504 5.93534867
 1.18181263 0.74071497 6.26708664 6.14269099 3.58874202 3.57159392
 0.         1.00782231 1.36164531 2.52235594 0.66943113 4.39498193
 0.49999645 0.0380639  4.79450431 9.9232969  8.36673713 0.59985238
 0.71127738 9.69617979 2.00618372 0.12368139 0.42758686 0.70232346], Funcion 1: 0.9105022573785606, Funcion 2: 24.233226653981507
------------------------------------------------------------------
21. [4.48107184 0.64022533 5.03258632 0.96269072 8.08129881 8.37157347
 0.27448312 0.67769572 7.10637272 8.10308079 1.67384939 2.40906741
 0.63705423 2.59512052 4.33650668 1.8199469  0.76543086 2.25757127
 0.03210927 2.56118097 2.23561118 7.08944329 4.02268893 0.07361071
 0.68181576 8.31929174 0.79089575 0.16988743 0.55705418 0.84480831], Funcion 1: 4.481071843202194, Funcion 2: 15.838754232049824
------------------------------------------------------------------
22. [8.23392362 0.37801081 1.592318   0.8399916  6.48511445 9.59027386
 0.35951893 0.11995765 9.26819438 9.65418142 0.5355604  1.00016064
 0.34256724 1.43092531 8.78937621 0.21171235 2.27292377 0.2443609
 0.81853747 2.91102495 3.95522208 3.09425935 8.37001376 0.86327652
 2.29701167 3.12403478 0.22158073 0.83819835 2.53370369 0.76680826], Funcion 1: 8.233923621556203, Funcion 2: 11.894709380437474
------------------------------------------------------------------
23. [3.56469052 0.28361076 4.10002062 0.94837074 7.97046031 8.89804589
 0.72332056 1.27347496 7.97615382 7.95287097 1.47103111 2.76376673
 0.36715953 3.56488486 4.48000947 2.28246972 0.51720593 1.61867075
 0.69510633 3.07460565 2.56121239 7.92965108 3.47638173 0.52293828
 0.35317557 7.96796668 1.01468098 0.46013853 0.31795175 0.31716421], Funcion 1: 3.564690521373877, Funcion 2: 17.724692103214153
------------------------------------------------------------------
24. [4.37800315 0.28332856 4.46441622 0.99798312 9.13450064 7.95629097
 0.46946795 0.77868443 7.6511022  8.13487244 1.37832999 1.95266186
 0.65653911 2.61254606 4.29544219 2.13767997 0.62391645 2.64635872
 0.30290559 3.24077683 2.45817723 6.96262139 4.24490709 0.28645813
 0.56267164 8.10542827 0.63621031 0.51957547 0.72029124 0.36945154], Funcion 1: 4.378003153646893, Funcion 2: 16.32758432040796
------------------------------------------------------------------
25. [1.00000000e+01 8.48216375e-01 5.86411222e-01 1.59173669e-01
 4.51618859e+00 1.00000000e+01 1.90893234e-01 1.91420399e+00
 1.00000000e+01 9.99656951e+00 9.47525633e-03 0.00000000e+00
 3.63794358e-01 3.02902370e+00 8.93519149e+00 1.23398837e+00
 4.15929214e-02 0.00000000e+00 0.00000000e+00 2.04755333e+00
 2.34421561e+00 6.14507979e+00 7.33972441e+00 3.58037748e-03
 6.08739791e-01 8.74756602e+00 3.38145726e-01 0.00000000e+00
 1.01282428e+00 7.16756983e-01], Funcion 1: 10.0, Funcion 2: 9.998339853643996
------------------------------------------------------------------
26. [4.37800315 0.28332856 4.46441622 0.99798312 9.13450064 7.95629097
 0.46946795 0.77868443 7.6511022  8.13487244 1.37832999 1.95266186
 0.65653911 2.61254606 4.29544219 2.13767997 0.62391645 2.64635872
 0.30290559 3.24077683 2.45817723 6.96262139 4.24490709 0.28645813
 0.56267164 8.10542827 0.63621031 0.51957547 0.72029124 0.36945154], Funcion 1: 4.378003153646893, Funcion 2: 16.32758432040796
------------------------------------------------------------------
27. [4.33234224 0.6548594  5.5126113  0.14927122 5.80582136 9.93352975
 0.52455288 3.05844919 8.05604303 9.81655894 2.4352076  2.68720129
 0.48789376 1.27113422 6.8780555  0.32324919 0.32831211 0.
 0.08510701 1.56459125 1.10050682 8.0159421  3.51939893 0.37661968
 1.64720201 9.58414523 0.12218438 0.41459418 0.59817369 2.94647739], Funcion 1: 4.332342242512091, Funcion 2: 17.210055781071798
------------------------------------------------------------------
28. [4.48107184 0.64022533 5.03258632 0.96269072 8.08129881 8.37157347
 0.27448312 0.67769572 7.10637272 8.10308079 1.67384939 2.40906741
 0.63705423 2.59512052 4.33650668 1.8199469  0.76543086 2.25757127
 0.03210927 2.56118097 2.23561118 7.08944329 4.02268893 0.07361071
 0.68181576 8.31929174 0.79089575 0.16988743 0.55705418 0.84480831], Funcion 1: 4.481071843202194, Funcion 2: 15.838754232049824
------------------------------------------------------------------
29. [8.23392362 0.37801081 1.592318   0.8399916  6.48511445 9.59027386
 0.35951893 0.11995765 9.26819438 9.65418142 0.5355604  1.00016064
 0.34256724 1.43092531 8.78937621 0.21171235 2.27292377 0.2443609
 0.81853747 2.91102495 3.95522208 3.09425935 8.37001376 0.86327652
 2.29701167 3.12403478 0.22158073 0.83819835 2.53370369 0.76680826], Funcion 1: 8.233923621556203, Funcion 2: 11.894709380437474
------------------------------------------------------------------
30. [1.19237203 0.69492342 8.2423413  1.2069156  8.5467365  4.95073372
 0.24664614 0.70309668 4.10105274 3.81711635 2.84953401 4.31441626
 0.48504464 3.4323884  1.37885972 1.96986098 1.16879626 6.32497848
 0.52903953 2.56848857 1.87510238 9.60806488 2.99435732 0.29960272
 0.04354596 9.79295742 1.80421851 0.         0.31736844 1.11943008], Funcion 1: 1.1923720280560695, Funcion 2: 21.772814842164582
------------------------------------------------------------------
31. [2.62743453 0.33333708 7.43749541 0.31804739 4.51373562 9.89744507
 0.07620521 1.09254794 8.12558686 9.84244456 2.03669008 3.86923046
 0.54272706 1.22518534 5.26914911 0.         0.33312328 1.38028845
 0.04781567 1.57613273 1.39744581 8.87251166 4.52223049 0.06881794
 0.9658073  9.57936272 0.         0.44085922 0.02729624 2.15377443], Funcion 1: 2.627434534595591, Funcion 2: 19.14576989989443
------------------------------------------------------------------
32. [7.81308009e+00 0.00000000e+00 1.22570670e+00 6.08610885e-01
 2.88766324e+00 9.68059931e+00 1.94166251e-02 1.58881027e+00
 8.97073970e+00 9.09546832e+00 1.55530572e+00 2.54565594e+00
 6.31611584e-01 2.19574292e+00 8.35645515e+00 1.10086871e+00
 3.78497021e-01 8.06701845e-01 3.56176180e-03 3.11292015e+00
 2.22374394e+00 7.00819863e+00 6.03793130e+00 0.00000000e+00
 1.10462592e+00 8.53791851e+00 0.00000000e+00 1.07652740e+00
 3.13012906e-01 2.89984712e+00], Funcion 1: 7.813080086214156, Funcion 2: 12.51851628424536
------------------------------------------------------------------
33. [3.56469052 0.28361076 4.10002062 0.94837074 7.97046031 8.89804589
 0.72332056 1.27347496 7.97615382 7.95287097 1.47103111 2.76376673
 0.36715953 3.56488486 4.48000947 2.28246972 0.51720593 1.61867075
 0.69510633 3.07460565 2.56121239 7.92965108 3.47638173 0.52293828
 0.35317557 7.96796668 1.01468098 0.46013853 0.31795175 0.31716421], Funcion 1: 3.564690521373877, Funcion 2: 17.724692103214153
------------------------------------------------------------------
34. [ 9.9711872   0.          0.          0.          1.40716373  9.96202085
  0.          4.20518403  9.84506615 10.          0.          0.11453366
  1.42203118  2.9262584   9.94322821  0.02764996  0.16745078  0.05234223
  0.56650412  5.059684    3.42710594  5.01585449  8.14732664  1.52171862
  1.85088788  8.8755894   0.0339504   0.          0.70357483  0.57476166], Funcion 1: 9.971187203404417, Funcion 2: 11.04083333117138
------------------------------------------------------------------
35. [8.42430461 0.62156987 1.37504037 0.9543855  6.81924279 9.62391275
 0.16017728 0.17421181 9.34659197 9.70341812 0.49349992 0.69581259
 0.16039795 1.54387073 8.77532431 0.21084454 2.38169547 0.44539512
 0.76510396 2.92131941 3.97416681 3.09376686 8.59920452 1.0310835
 2.24757324 2.88468824 0.21502799 0.92796984 2.5585029  0.34850891], Funcion 1: 8.424304607941018, Funcion 2: 11.756214700655894
------------------------------------------------------------------
36. [3.50934048 0.12212602 2.86442334 0.83228864 8.39867915 9.2829859
 0.58231566 0.75381105 8.21404807 8.70239597 1.47031837 1.87155477
 0.         3.37009385 5.22038371 2.69652979 0.75406558 0.94595223
 1.01396442 2.60003995 3.79862213 8.03200807 4.78774712 0.40636004
 0.13626251 8.32033489 0.25120705 0.70864413 0.22606654 0.71666977], Funcion 1: 3.5093404798468195, Funcion 2: 18.10771233318664
------------------------------------------------------------------
37. [1.28954075 0.06197533 9.85595984 0.06855326 9.2867492  0.
 0.02773163 0.30342286 8.52784215 0.         0.59337894 1.16818767
 0.19702541 0.         0.07663818 0.         0.13107702 9.52658773
 0.19477289 0.         8.87574958 9.86442475 8.6227273  2.85942818
 0.53672557 9.62955219 0.7950999  0.09303103 0.         0.41914293], Funcion 1: 1.2895407543079345, Funcion 2: 20.529771826429396
------------------------------------------------------------------
38. [3.50934048 0.12212602 2.86442334 0.83228864 8.39867915 9.2829859
 0.58231566 0.75381105 8.21404807 8.70239597 1.47031837 1.87155477
 0.         3.37009385 5.22038371 2.69652979 0.75406558 0.94595223
 1.01396442 2.60003995 3.79862213 8.03200807 4.78774712 0.40636004
 0.13626251 8.32033489 0.25120705 0.70864413 0.22606654 0.71666977], Funcion 1: 3.5093404798468195, Funcion 2: 18.10771233318664
------------------------------------------------------------------
39. [8.42430461 0.62156987 1.37504037 0.9543855  6.81924279 9.62391275
 0.16017728 0.17421181 9.34659197 9.70341812 0.49349992 0.69581259
 0.16039795 1.54387073 8.77532431 0.21084454 2.38169547 0.44539512
 0.76510396 2.92131941 3.97416681 3.09376686 8.59920452 1.0310835
 2.24757324 2.88468824 0.21502799 0.92796984 2.5585029  0.34850891], Funcion 1: 8.424304607941018, Funcion 2: 11.756214700655894
------------------------------------------------------------------
40. [2.62743453 0.33333708 7.43749541 0.31804739 4.51373562 9.89744507
 0.07620521 1.09254794 8.12558686 9.84244456 2.03669008 3.86923046
 0.54272706 1.22518534 5.26914911 0.         0.33312328 1.38028845
 0.04781567 1.57613273 1.39744581 8.87251166 4.52223049 0.06881794
 0.9658073  9.57936272 0.         0.44085922 0.02729624 2.15377443], Funcion 1: 2.627434534595591, Funcion 2: 19.14576989989443
------------------------------------------------------------------
41. [3.56469052 0.28361076 4.10002062 0.94837074 7.97046031 8.89804589
 0.72332056 1.27347496 7.97615382 7.95287097 1.47103111 2.76376673
 0.36715953 3.56488486 4.48000947 2.28246972 0.51720593 1.61867075
 0.69510633 3.07460565 2.56121239 7.92965108 3.47638173 0.52293828
 0.35317557 7.96796668 1.01468098 0.46013853 0.31795175 0.31716421], Funcion 1: 3.564690521373877, Funcion 2: 17.724692103214153
------------------------------------------------------------------
42. [3.56469052 0.28361076 4.10002062 0.94837074 7.97046031 8.89804589
 0.72332056 1.27347496 7.97615382 7.95287097 1.47103111 2.76376673
 0.36715953 3.56488486 4.48000947 2.28246972 0.51720593 1.61867075
 0.69510633 3.07460565 2.56121239 7.92965108 3.47638173 0.52293828
 0.35317557 7.96796668 1.01468098 0.46013853 0.31795175 0.31716421], Funcion 1: 3.564690521373877, Funcion 2: 17.724692103214153
------------------------------------------------------------------
43. [5.09519576 0.         4.09293987 0.17378988 5.84803379 9.91538789
 0.         1.50692931 8.92493336 9.87203844 1.26194001 1.79761843
 0.83203603 1.95179206 6.28315995 0.61255356 0.13273953 0.24306735
 0.2250136  2.60946331 2.24897119 7.77288258 4.82722157 0.35892857
 0.76440973 9.26880138 0.48367858 0.36780717 0.34322651 1.28289845], Funcion 1: 5.095195759626155, Funcion 2: 15.325509201465831
------------------------------------------------------------------
44. [1.25609134 0.41576655 8.41973614 0.19098834 7.07876004 8.01906338
 0.52015251 1.0564737  5.34701277 7.9154835  2.93504416 4.15463408
 0.25196155 0.78710956 2.5273291  0.2175697  0.58643164 2.17586906
 0.33209228 0.97677056 0.3030938  9.92251487 3.16786045 0.1832369
 0.012646   9.43079453 1.40028453 0.54679807 0.59024063 2.12736561], Funcion 1: 1.2560913356885397, Funcion 2: 20.571963279160876
------------------------------------------------------------------
45. [ 7.61732964  0.1075343   0.13985047  0.91373324 10.          9.41650804
  0.97556505  0.          9.9807852   8.21861666  0.          0.
  0.01151221  6.2738462   7.09601067  3.13624941  1.78762429  0.08418998
  2.33347209  5.6343876   5.30645839  5.587723    8.76508861  0.41129462
  0.          7.0149044   0.          1.79455717  0.02417877  0.09270305], Funcion 1: 7.617329642333437, Funcion 2: 15.269600862080917
------------------------------------------------------------------
